3201
 -0.00  19.97109898
 -0.10  19.97036879
 -0.20  19.96962019
 -0.30  19.96885272
 -0.40  19.96806590
 -0.50  19.96725925
 -0.60  19.96643227
 -0.70  19.96558445
 -0.80  19.96471527
 -0.90  19.96382418
 -1.00  19.96291065
 -1.10  19.96197411
 -1.20  19.96101398
 -1.30  19.96002968
 -1.40  19.95902059
 -1.50  19.95798610
 -1.60  19.95692556
 -1.70  19.95583834
 -1.80  19.95472376
 -1.90  19.95358113
 -2.00  19.95240976
 -2.10  19.95120892
 -2.20  19.94997789
 -2.30  19.94871590
 -2.40  19.94742219
 -2.50  19.94609596
 -2.60  19.94473640
 -2.70  19.94334268
 -2.80  19.94191395
 -2.90  19.94044933
 -3.00  19.93894793
 -3.10  19.93740884
 -3.20  19.93583112
 -3.30  19.93421380
 -3.40  19.93255590
 -3.50  19.93085642
 -3.60  19.92911431
 -3.70  19.92732853
 -3.80  19.92549798
 -3.90  19.92362155
 -4.00  19.92169811
 -4.10  19.91972650
 -4.20  19.91770552
 -4.30  19.91563394
 -4.40  19.91351052
 -4.50  19.91133397
 -4.60  19.90910298
 -4.70  19.90681620
 -4.80  19.90447227
 -4.90  19.90206976
 -5.00  19.89960724
 -5.10  19.89708322
 -5.20  19.89449619
 -5.30  19.89184461
 -5.40  19.88912688
 -5.50  19.88634138
 -5.60  19.88348645
 -5.70  19.88056038
 -5.80  19.87756143
 -5.90  19.87448782
 -6.00  19.87133772
 -6.10  19.86810926
 -6.20  19.86480052
 -6.30  19.86140955
 -6.40  19.85793435
 -6.50  19.85437285
 -6.60  19.85072297
 -6.70  19.84698256
 -6.80  19.84314941
 -6.90  19.83922128
 -7.00  19.83519586
 -7.10  19.83107081
 -7.20  19.82684371
 -7.30  19.82251211
 -7.40  19.81807348
 -7.50  19.81352524
 -7.60  19.80886476
 -7.70  19.80408934
 -7.80  19.79919623
 -7.90  19.79418261
 -8.00  19.78904559
 -8.10  19.78378224
 -8.20  19.77838952
 -8.30  19.77286438
 -8.40  19.76720365
 -8.50  19.76140412
 -8.60  19.75546251
 -8.70  19.74937545
 -8.80  19.74313950
 -8.90  19.73675116
 -9.00  19.73020685
 -9.10  19.72350290
 -9.20  19.71663557
 -9.30  19.70960104
 -9.40  19.70239541
 -9.50  19.69501470
 -9.60  19.68745483
 -9.70  19.67971166
 -9.80  19.67178094
 -9.90  19.66365834
-10.00  19.65533945
-10.10  19.64681976
-10.20  19.63809468
-10.30  19.62915950
-10.40  19.62000945
-10.50  19.61063964
-10.60  19.60104510
-10.70  19.59122074
-10.80  19.58116139
-10.90  19.57086179
-11.00  19.56031654
-11.10  19.54952017
-11.20  19.53846711
-11.30  19.52715166
-11.40  19.51556803
-11.50  19.50371032
-11.60  19.49157254
-11.70  19.47914856
-11.80  19.46643216
-11.90  19.45341702
-12.00  19.44009669
-12.10  19.42646462
-12.20  19.41251416
-12.30  19.39823852
-12.40  19.38363083
-12.50  19.36868408
-12.60  19.35339118
-12.70  19.33774489
-12.80  19.32173790
-12.90  19.30536275
-13.00  19.28861190
-13.10  19.27147768
-13.20  19.25395233
-13.30  19.23602795
-13.40  19.21769655
-13.50  19.19895005
-13.60  19.17978024
-13.70  19.16017881
-13.80  19.14013736
-13.90  19.11964738
-14.00  19.09870025
-14.10  19.07728727
-14.20  19.05539966
-14.30  19.03302851
-14.40  19.01016486
-14.50  18.98679963
-14.60  18.96292369
-14.70  18.93852782
-14.80  18.91360272
-14.90  18.88813902
-15.00  18.86212730
-15.10  18.83555806
-15.20  18.80842176
-15.30  18.78070881
-15.40  18.75240955
-15.50  18.72351432
-15.60  18.69401341
-15.70  18.66389708
-15.80  18.63315558
-15.90  18.60177915
-16.00  18.56975803
-16.10  18.53708244
-16.20  18.50374266
-16.30  18.46972896
-16.40  18.43503165
-16.50  18.39964109
-16.60  18.36354768
-16.70  18.32674190
-16.80  18.28921428
-16.90  18.25095546
-17.00  18.21195617
-17.10  18.17220724
-17.20  18.13169963
-17.30  18.09042443
-17.40  18.04837288
-17.50  18.00553640
-17.60  17.96190654
-17.70  17.91747510
-17.80  17.87223403
-17.90  17.82617553
-18.00  17.77929203
-18.10  17.73157621
-18.20  17.68302102
-18.30  17.63361969
-18.40  17.58336576
-18.50  17.53225306
-18.60  17.48027578
-18.70  17.42742845
-18.80  17.37370598
-18.90  17.31910365
-19.00  17.26361714
-19.10  17.20724258
-19.20  17.14997651
-19.30  17.09181593
-19.40  17.03275833
-19.50  16.97280167
-19.60  16.91194442
-19.70  16.85018560
-19.80  16.78752475
-19.90  16.72396196
-20.00  16.65949792
-20.10  16.59413389
-20.20  16.52787175
-20.30  16.46071400
-20.40  16.39266375
-20.50  16.32372480
-20.60  16.25390158
-20.70  16.18319921
-20.80  16.11162349
-20.90  16.03918091
-21.00  15.96587868
-21.10  15.89172472
-21.20  15.81672767
-21.30  15.74089691
-21.40  15.66424254
-21.50  15.58677542
-21.60  15.50850714
-21.70  15.42945004
-21.80  15.34961722
-21.90  15.26902250
-22.00  15.18768049
-22.10  15.10560649
-22.20  15.02281658
-22.30  14.93932756
-22.40  14.85515694
-22.50  14.77032297
-22.60  14.68484459
-22.70  14.59874145
-22.80  14.51203387
-22.90  14.42474282
-23.00  14.33688997
-23.10  14.24849757
-23.20  14.15958851
-23.30  14.07018627
-23.40  13.98031490
-23.50  13.88999900
-23.60  13.79926368
-23.70  13.70813457
-23.80  13.61663775
-23.90  13.52479975
-24.00  13.43264751
-24.10  13.34020836
-24.20  13.24750996
-24.30  13.15458031
-24.40  13.06144768
-24.50  12.96814060
-24.60  12.87468781
-24.70  12.78111824
-24.80  12.68746095
-24.90  12.59374512
-25.00  12.50000000
-25.10  12.40625488
-25.20  12.31253905
-25.30  12.21888176
-25.40  12.12531219
-25.50  12.03185940
-25.60  11.93855232
-25.70  11.84541969
-25.80  11.75249004
-25.90  11.65979164
-26.00  11.56735249
-26.10  11.47520025
-26.20  11.38336225
-26.30  11.29186543
-26.40  11.20073632
-26.50  11.11000100
-26.60  11.01968510
-26.70  10.92981373
-26.80  10.84041149
-26.90  10.75150243
-27.00  10.66311003
-27.10  10.57525718
-27.20  10.48796613
-27.30  10.40125855
-27.40  10.31515541
-27.50  10.22967703
-27.60  10.14484306
-27.70  10.06067244
-27.80   9.97718342
-27.90   9.89439351
-28.00   9.81231951
-28.10   9.73097750
-28.20   9.65038278
-28.30   9.57054996
-28.40   9.49149286
-28.50   9.41322458
-28.60   9.33575746
-28.70   9.25910309
-28.80   9.18327233
-28.90   9.10827528
-29.00   9.03412132
-29.10   8.96081909
-29.20   8.88837651
-29.30   8.81680079
-29.40   8.74609842
-29.50   8.67627520
-29.60   8.60733625
-29.70   8.53928600
-29.80   8.47212825
-29.90   8.40586611
-30.00   8.34050208
-30.10   8.27603804
-30.20   8.21247525
-30.30   8.14981440
-30.40   8.08805558
-30.50   8.02719833
-30.60   7.96724167
-30.70   7.90818407
-30.80   7.85002349
-30.90   7.79275742
-31.00   7.73638286
-31.10   7.68089635
-31.20   7.62629402
-31.30   7.57257155
-31.40   7.51972422
-31.50   7.46774694
-31.60   7.41663424
-31.70   7.36638031
-31.80   7.31697898
-31.90   7.26842379
-32.00   7.22070797
-32.10   7.17382447
-32.20   7.12776597
-32.30   7.08252490
-32.40   7.03809346
-32.50   6.99446360
-32.60   6.95162712
-32.70   6.90957557
-32.80   6.86830037
-32.90   6.82779276
-33.00   6.78804383
-33.10   6.74904454
-33.20   6.71078572
-33.30   6.67325810
-33.40   6.63645232
-33.50   6.60035891
-33.60   6.56496835
-33.70   6.53027104
-33.80   6.49625734
-33.90   6.46291756
-34.00   6.43024197
-34.10   6.39822085
-34.20   6.36684442
-34.30   6.33610292
-34.40   6.30598659
-34.50   6.27648568
-34.60   6.24759045
-34.70   6.21929119
-34.80   6.19157824
-34.90   6.16444194
-35.00   6.13787270
-35.10   6.11186098
-35.20   6.08639728
-35.30   6.06147218
-35.40   6.03707631
-35.50   6.01320037
-35.60   5.98983514
-35.70   5.96697149
-35.80   5.94460034
-35.90   5.92271273
-36.00   5.90129975
-36.10   5.88035262
-36.20   5.85986264
-36.30   5.83982119
-36.40   5.82021976
-36.50   5.80104995
-36.60   5.78230345
-36.70   5.76397205
-36.80   5.74604767
-36.90   5.72852232
-37.00   5.71138810
-37.10   5.69463725
-37.20   5.67826210
-37.30   5.66225511
-37.40   5.64660882
-37.50   5.63131592
-37.60   5.61636917
-37.70   5.60176148
-37.80   5.58748584
-37.90   5.57353538
-38.00   5.55990331
-38.10   5.54658298
-38.20   5.53356784
-38.30   5.52085144
-38.40   5.50842746
-38.50   5.49628968
-38.60   5.48443197
-38.70   5.47284834
-38.80   5.46153289
-38.90   5.45047983
-39.00   5.43968346
-39.10   5.42913821
-39.20   5.41883861
-39.30   5.40877926
-39.40   5.39895490
-39.50   5.38936036
-39.60   5.37999055
-39.70   5.37084050
-39.80   5.36190532
-39.90   5.35318024
-40.00   5.34466055
-40.10   5.33634166
-40.20   5.32821906
-40.30   5.32028834
-40.40   5.31254517
-40.50   5.30498530
-40.60   5.29760459
-40.70   5.29039896
-40.80   5.28336443
-40.90   5.27649710
-41.00   5.26979315
-41.10   5.26324884
-41.20   5.25686050
-41.30   5.25062455
-41.40   5.24453749
-41.50   5.23859588
-41.60   5.23279635
-41.70   5.22713562
-41.80   5.22161048
-41.90   5.21621776
-42.00   5.21095441
-42.10   5.20581739
-42.20   5.20080377
-42.30   5.19591066
-42.40   5.19113524
-42.50   5.18647476
-42.60   5.18192652
-42.70   5.17748789
-42.80   5.17315629
-42.90   5.16892919
-43.00   5.16480414
-43.10   5.16077872
-43.20   5.15685059
-43.30   5.15301744
-43.40   5.14927703
-43.50   5.14562715
-43.60   5.14206565
-43.70   5.13859045
-43.80   5.13519948
-43.90   5.13189074
-44.00   5.12866228
-44.10   5.12551218
-44.20   5.12243857
-44.30   5.11943962
-44.40   5.11651355
-44.50   5.11365862
-44.60   5.11087312
-44.70   5.10815539
-44.80   5.10550381
-44.90   5.10291678
-45.00   5.10039276
-45.10   5.09793024
-45.20   5.09552773
-45.30   5.09318380
-45.40   5.09089702
-45.50   5.08866603
-45.60   5.08648948
-45.70   5.08436606
-45.80   5.08229448
-45.90   5.08027350
-46.00   5.07830189
-46.10   5.07637845
-46.20   5.07450202
-46.30   5.07267147
-46.40   5.07088569
-46.50   5.06914358
-46.60   5.06744410
-46.70   5.06578620
-46.80   5.06416888
-46.90   5.06259116
-47.00   5.06105207
-47.10   5.05955067
-47.20   5.05808605
-47.30   5.05665732
-47.40   5.05526360
-47.50   5.05390404
-47.60   5.05257781
-47.70   5.05128410
-47.80   5.05002211
-47.90   5.04879108
-48.00   5.04759024
-48.10   5.04641887
-48.20   5.04527624
-48.30   5.04416166
-48.40   5.04307444
-48.50   5.04201390
-48.60   5.04097941
-48.70   5.03997032
-48.80   5.03898602
-48.90   5.03802589
-49.00   5.03708935
-49.10   5.03617582
-49.20   5.03528473
-49.30   5.03441555
-49.40   5.03356773
-49.50   5.03274075
-49.60   5.03193410
-49.70   5.03114728
-49.80   5.03037981
-49.90   5.02963121
-50.00   5.02890102
-50.10   5.02818879
-50.20   5.02749408
-50.30   5.02681647
-50.40   5.02615552
-50.50   5.02551084
-50.60   5.02488202
-50.70   5.02426867
-50.80   5.02367042
-50.90   5.02308690
-51.00   5.02251773
-51.10   5.02196258
-51.20   5.02142110
-51.30   5.02089295
-51.40   5.02037780
-51.50   5.01987534
-51.60   5.01938525
-51.70   5.01890723
-51.80   5.01844098
-51.90   5.01798622
-52.00   5.01754265
-52.10   5.01711002
-52.20   5.01668804
-52.30   5.01627646
-52.40   5.01587502
-52.50   5.01548347
-52.60   5.01510156
-52.70   5.01472907
-52.80   5.01436576
-52.90   5.01401140
-53.00   5.01366577
-53.10   5.01332866
-53.20   5.01299986
-53.30   5.01267916
-53.40   5.01236637
-53.50   5.01206129
-53.60   5.01176373
-53.70   5.01147350
-53.80   5.01119043
-53.90   5.01091434
-54.00   5.01064506
-54.10   5.01038241
-54.20   5.01012624
-54.30   5.00987639
-54.40   5.00963270
-54.50   5.00939501
-54.60   5.00916319
-54.70   5.00893709
-54.80   5.00871656
-54.90   5.00850147
-55.00   5.00829168
-55.10   5.00808707
-55.20   5.00788750
-55.30   5.00769286
-55.40   5.00750302
-55.50   5.00731786
-55.60   5.00713726
-55.70   5.00696113
-55.80   5.00678933
-55.90   5.00662178
-56.00   5.00645836
-56.10   5.00629897
-56.20   5.00614351
-56.30   5.00599188
-56.40   5.00584400
-56.50   5.00569977
-56.60   5.00555909
-56.70   5.00542189
-56.80   5.00528807
-56.90   5.00515755
-57.00   5.00503025
-57.10   5.00490610
-57.20   5.00478500
-57.30   5.00466690
-57.40   5.00455171
-57.50   5.00443936
-57.60   5.00432978
-57.70   5.00422291
-57.80   5.00411867
-57.90   5.00401701
-58.00   5.00391785
-58.10   5.00382115
-58.20   5.00372683
-58.30   5.00363483
-58.40   5.00354511
-58.50   5.00345760
-58.60   5.00337225
-58.70   5.00328901
-58.80   5.00320782
-58.90   5.00312864
-59.00   5.00305140
-59.10   5.00297608
-59.20   5.00290261
-59.30   5.00283096
-59.40   5.00276108
-59.50   5.00269292
-59.60   5.00262644
-59.70   5.00256161
-59.80   5.00249837
-59.90   5.00243670
-60.00   5.00237654
-60.10   5.00231788
-60.20   5.00226066
-60.30   5.00220485
-60.40   5.00215042
-60.50   5.00209733
-60.60   5.00204555
-60.70   5.00199506
-60.80   5.00194580
-60.90   5.00189777
-61.00   5.00185092
-61.10   5.00180522
-61.20   5.00176066
-61.30   5.00171719
-61.40   5.00167480
-61.50   5.00163345
-61.60   5.00159313
-61.70   5.00155380
-61.80   5.00151544
-61.90   5.00147803
-62.00   5.00144154
-62.10   5.00140595
-62.20   5.00137124
-62.30   5.00133739
-62.40   5.00130437
-62.50   5.00127217
-62.60   5.00124076
-62.70   5.00121013
-62.80   5.00118025
-62.90   5.00115111
-63.00   5.00112269
-63.10   5.00109498
-63.20   5.00106794
-63.30   5.00104158
-63.40   5.00101586
-63.50   5.00099078
-63.60   5.00096632
-63.70   5.00094246
-63.80   5.00091920
-63.90   5.00089650
-64.00   5.00087437
-64.10   5.00085278
-64.20   5.00083173
-64.30   5.00081119
-64.40   5.00079117
-64.50   5.00077163
-64.60   5.00075258
-64.70   5.00073400
-64.80   5.00071588
-64.90   5.00069821
-65.00   5.00068097
-65.10   5.00066416
-65.20   5.00064776
-65.30   5.00063177
-65.40   5.00061617
-65.50   5.00060096
-65.60   5.00058612
-65.70   5.00057165
-65.80   5.00055753
-65.90   5.00054377
-66.00   5.00053034
-66.10   5.00051725
-66.20   5.00050448
-66.30   5.00049202
-66.40   5.00047988
-66.50   5.00046803
-66.60   5.00045647
-66.70   5.00044520
-66.80   5.00043421
-66.90   5.00042349
-67.00   5.00041304
-67.10   5.00040284
-67.20   5.00039289
-67.30   5.00038319
-67.40   5.00037373
-67.50   5.00036450
-67.60   5.00035550
-67.70   5.00034673
-67.80   5.00033817
-67.90   5.00032982
-68.00   5.00032167
-68.10   5.00031373
-68.20   5.00030599
-68.30   5.00029843
-68.40   5.00029106
-68.50   5.00028388
-68.60   5.00027687
-68.70   5.00027003
-68.80   5.00026337
-68.90   5.00025686
-69.00   5.00025052
-69.10   5.00024434
-69.20   5.00023830
-69.30   5.00023242
-69.40   5.00022668
-69.50   5.00022108
-69.60   5.00021563
-69.70   5.00021030
-69.80   5.00020511
-69.90   5.00020005
-70.00   5.00019511
-70.10   5.00019029
-70.20   5.00018559
-70.30   5.00018101
-70.40   5.00017654
-70.50   5.00017218
-70.60   5.00016793
-70.70   5.00016378
-70.80   5.00015974
-70.90   5.00015580
-71.00   5.00015195
-71.10   5.00014820
-71.20   5.00014454
-71.30   5.00014097
-71.40   5.00013749
-71.50   5.00013410
-71.60   5.00013078
-71.70   5.00012756
-71.80   5.00012441
-71.90   5.00012133
-72.00   5.00011834
-72.10   5.00011542
-72.20   5.00011257
-72.30   5.00010979
-72.40   5.00010708
-72.50   5.00010443
-72.60   5.00010186
-72.70   5.00009934
-72.80   5.00009689
-72.90   5.00009450
-73.00   5.00009216
-73.10   5.00008989
-73.20   5.00008767
-73.30   5.00008550
-73.40   5.00008339
-73.50   5.00008133
-73.60   5.00007933
-73.70   5.00007737
-73.80   5.00007546
-73.90   5.00007359
-74.00   5.00007178
-74.10   5.00007000
-74.20   5.00006828
-74.30   5.00006659
-74.40   5.00006495
-74.50   5.00006334
-74.60   5.00006178
-74.70   5.00006025
-74.80   5.00005877
-74.90   5.00005731
-75.00   5.00005590
-75.10   5.00005452
-75.20   5.00005317
-75.30   5.00005186
-75.40   5.00005058
-75.50   5.00004933
-75.60   5.00004811
-75.70   5.00004693
-75.80   5.00004577
-75.90   5.00004464
-76.00   5.00004353
-76.10   5.00004246
-76.20   5.00004141
-76.30   5.00004039
-76.40   5.00003939
-76.50   5.00003842
-76.60   5.00003747
-76.70   5.00003655
-76.80   5.00003564
-76.90   5.00003476
-77.00   5.00003390
-77.10   5.00003307
-77.20   5.00003225
-77.30   5.00003146
-77.40   5.00003068
-77.50   5.00002992
-77.60   5.00002918
-77.70   5.00002846
-77.80   5.00002776
-77.90   5.00002707
-78.00   5.00002641
-78.10   5.00002575
-78.20   5.00002512
-78.30   5.00002450
-78.40   5.00002389
-78.50   5.00002330
-78.60   5.00002273
-78.70   5.00002217
-78.80   5.00002162
-78.90   5.00002108
-79.00   5.00002056
-79.10   5.00002006
-79.20   5.00001956
-79.30   5.00001908
-79.40   5.00001861
-79.50   5.00001815
-79.60   5.00001770
-79.70   5.00001726
-79.80   5.00001684
-79.90   5.00001642
-80.00   5.00001602
-80.10   5.00001562
-80.20   5.00001523
-80.30   5.00001486
-80.40   5.00001449
-80.50   5.00001413
-80.60   5.00001378
-80.70   5.00001344
-80.80   5.00001311
-80.90   5.00001279
-81.00   5.00001247
-81.10   5.00001216
-81.20   5.00001186
-81.30   5.00001157
-81.40   5.00001129
-81.50   5.00001101
-81.60   5.00001074
-81.70   5.00001047
-81.80   5.00001021
-81.90   5.00000996
-82.00   5.00000971
-82.10   5.00000947
-82.20   5.00000924
-82.30   5.00000901
-82.40   5.00000879
-82.50   5.00000857
-82.60   5.00000836
-82.70   5.00000815
-82.80   5.00000795
-82.90   5.00000776
-83.00   5.00000757
-83.10   5.00000738
-83.20   5.00000720
-83.30   5.00000702
-83.40   5.00000685
-83.50   5.00000668
-83.60   5.00000651
-83.70   5.00000635
-83.80   5.00000619
-83.90   5.00000604
-84.00   5.00000589
-84.10   5.00000575
-84.20   5.00000560
-84.30   5.00000547
-84.40   5.00000533
-84.50   5.00000520
-84.60   5.00000507
-84.70   5.00000495
-84.80   5.00000482
-84.90   5.00000470
-85.00   5.00000459
-85.10   5.00000448
-85.20   5.00000436
-85.30   5.00000426
-85.40   5.00000415
-85.50   5.00000405
-85.60   5.00000395
-85.70   5.00000385
-85.80   5.00000376
-85.90   5.00000366
-86.00   5.00000357
-86.10   5.00000349
-86.20   5.00000340
-86.30   5.00000332
-86.40   5.00000323
-86.50   5.00000315
-86.60   5.00000308
-86.70   5.00000300
-86.80   5.00000293
-86.90   5.00000285
-87.00   5.00000278
-87.10   5.00000271
-87.20   5.00000265
-87.30   5.00000258
-87.40   5.00000252
-87.50   5.00000246
-87.60   5.00000240
-87.70   5.00000234
-87.80   5.00000228
-87.90   5.00000222
-88.00   5.00000217
-88.10   5.00000211
-88.20   5.00000206
-88.30   5.00000201
-88.40   5.00000196
-88.50   5.00000191
-88.60   5.00000187
-88.70   5.00000182
-88.80   5.00000177
-88.90   5.00000173
-89.00   5.00000169
-89.10   5.00000165
-89.20   5.00000161
-89.30   5.00000157
-89.40   5.00000153
-89.50   5.00000149
-89.60   5.00000145
-89.70   5.00000142
-89.80   5.00000138
-89.90   5.00000135
-90.00   5.00000131
-90.10   5.00000128
-90.20   5.00000125
-90.30   5.00000122
-90.40   5.00000119
-90.50   5.00000116
-90.60   5.00000113
-90.70   5.00000110
-90.80   5.00000108
-90.90   5.00000105
-91.00   5.00000102
-91.10   5.00000100
-91.20   5.00000097
-91.30   5.00000095
-91.40   5.00000093
-91.50   5.00000090
-91.60   5.00000088
-91.70   5.00000086
-91.80   5.00000084
-91.90   5.00000082
-92.00   5.00000080
-92.10   5.00000078
-92.20   5.00000076
-92.30   5.00000074
-92.40   5.00000072
-92.50   5.00000070
-92.60   5.00000069
-92.70   5.00000067
-92.80   5.00000065
-92.90   5.00000064
-93.00   5.00000062
-93.10   5.00000061
-93.20   5.00000059
-93.30   5.00000058
-93.40   5.00000056
-93.50   5.00000055
-93.60   5.00000053
-93.70   5.00000052
-93.80   5.00000051
-93.90   5.00000050
-94.00   5.00000048
-94.10   5.00000047
-94.20   5.00000046
-94.30   5.00000045
-94.40   5.00000044
-94.50   5.00000043
-94.60   5.00000042
-94.70   5.00000041
-94.80   5.00000040
-94.90   5.00000039
-95.00   5.00000038
-95.10   5.00000037
-95.20   5.00000036
-95.30   5.00000035
-95.40   5.00000034
-95.50   5.00000033
-95.60   5.00000032
-95.70   5.00000032
-95.80   5.00000031
-95.90   5.00000030
-96.00   5.00000029
-96.10   5.00000029
-96.20   5.00000028
-96.30   5.00000027
-96.40   5.00000027
-96.50   5.00000026
-96.60   5.00000025
-96.70   5.00000025
-96.80   5.00000024
-96.90   5.00000023
-97.00   5.00000023
-97.10   5.00000022
-97.20   5.00000022
-97.30   5.00000021
-97.40   5.00000021
-97.50   5.00000020
-97.60   5.00000020
-97.70   5.00000019
-97.80   5.00000019
-97.90   5.00000018
-98.00   5.00000018
-98.10   5.00000017
-98.20   5.00000017
-98.30   5.00000017
-98.40   5.00000016
-98.50   5.00000016
-98.60   5.00000015
-98.70   5.00000015
-98.80   5.00000015
-98.90   5.00000014
-99.00   5.00000014
-99.10   5.00000014
-99.20   5.00000013
-99.30   5.00000013
-99.40   5.00000013
-99.50   5.00000012
-99.60   5.00000012
-99.70   5.00000012
-99.80   5.00000011
-99.90   5.00000011
-100.00   5.00000011
-100.10   5.00000011
-100.20   5.00000010
-100.30   5.00000010
-100.40   5.00000010
-100.50   5.00000010
-100.60   5.00000009
-100.70   5.00000009
-100.80   5.00000009
-100.90   5.00000009
-101.00   5.00000008
-101.10   5.00000008
-101.20   5.00000008
-101.30   5.00000008
-101.40   5.00000008
-101.50   5.00000007
-101.60   5.00000007
-101.70   5.00000007
-101.80   5.00000007
-101.90   5.00000007
-102.00   5.00000007
-102.10   5.00000006
-102.20   5.00000006
-102.30   5.00000006
-102.40   5.00000006
-102.50   5.00000006
-102.60   5.00000006
-102.70   5.00000005
-102.80   5.00000005
-102.90   5.00000005
-103.00   5.00000005
-103.10   5.00000005
-103.20   5.00000005
-103.30   5.00000005
-103.40   5.00000005
-103.50   5.00000004
-103.60   5.00000004
-103.70   5.00000004
-103.80   5.00000004
-103.90   5.00000004
-104.00   5.00000004
-104.10   5.00000004
-104.20   5.00000004
-104.30   5.00000004
-104.40   5.00000004
-104.50   5.00000004
-104.60   5.00000003
-104.70   5.00000003
-104.80   5.00000003
-104.90   5.00000003
-105.00   5.00000003
-105.10   5.00000003
-105.20   5.00000003
-105.30   5.00000003
-105.40   5.00000003
-105.50   5.00000003
-105.60   5.00000003
-105.70   5.00000003
-105.80   5.00000003
-105.90   5.00000002
-106.00   5.00000002
-106.10   5.00000002
-106.20   5.00000002
-106.30   5.00000002
-106.40   5.00000002
-106.50   5.00000002
-106.60   5.00000002
-106.70   5.00000002
-106.80   5.00000002
-106.90   5.00000002
-107.00   5.00000002
-107.10   5.00000002
-107.20   5.00000002
-107.30   5.00000002
-107.40   5.00000002
-107.50   5.00000002
-107.60   5.00000002
-107.70   5.00000002
-107.80   5.00000002
-107.90   5.00000001
-108.00   5.00000001
-108.10   5.00000001
-108.20   5.00000001
-108.30   5.00000001
-108.40   5.00000001
-108.50   5.00000001
-108.60   5.00000001
-108.70   5.00000001
-108.80   5.00000001
-108.90   5.00000001
-109.00   5.00000001
-109.10   5.00000001
-109.20   5.00000001
-109.30   5.00000001
-109.40   5.00000001
-109.50   5.00000001
-109.60   5.00000001
-109.70   5.00000001
-109.80   5.00000001
-109.90   5.00000001
-110.00   5.00000001
-110.10   5.00000001
-110.20   5.00000001
-110.30   5.00000001
-110.40   5.00000001
-110.50   5.00000001
-110.60   5.00000001
-110.70   5.00000001
-110.80   5.00000001
-110.90   5.00000001
-111.00   5.00000001
-111.10   5.00000001
-111.20   5.00000001
-111.30   5.00000001
-111.40   5.00000001
-111.50   5.00000001
-111.60   5.00000001
-111.70   5.00000001
-111.80   5.00000001
-111.90   5.00000001
-112.00   5.00000001
-112.10   5.00000001
-112.20   5.00000001
-112.30   5.00000000
-112.40   5.00000000
-112.50   5.00000000
-112.60   5.00000000
-112.70   5.00000000
-112.80   5.00000000
-112.90   5.00000000
-113.00   5.00000000
-113.10   5.00000000
-113.20   5.00000000
-113.30   5.00000000
-113.40   5.00000000
-113.50   5.00000000
-113.60   5.00000000
-113.70   5.00000000
-113.80   5.00000000
-113.90   5.00000000
-114.00   5.00000000
-114.10   5.00000000
-114.20   5.00000000
-114.30   5.00000000
-114.40   5.00000000
-114.50   5.00000000
-114.60   5.00000000
-114.70   5.00000000
-114.80   5.00000000
-114.90   5.00000000
-115.00   5.00000000
-115.10   5.00000000
-115.20   5.00000000
-115.30   5.00000000
-115.40   5.00000000
-115.50   5.00000000
-115.60   5.00000000
-115.70   5.00000000
-115.80   5.00000000
-115.90   5.00000000
-116.00   5.00000000
-116.10   5.00000000
-116.20   5.00000000
-116.30   5.00000000
-116.40   5.00000000
-116.50   5.00000000
-116.60   5.00000000
-116.70   5.00000000
-116.80   5.00000000
-116.90   5.00000000
-117.00   5.00000000
-117.10   5.00000000
-117.20   5.00000000
-117.30   5.00000000
-117.40   5.00000000
-117.50   5.00000000
-117.60   5.00000000
-117.70   5.00000000
-117.80   5.00000000
-117.90   5.00000000
-118.00   5.00000000
-118.10   5.00000000
-118.20   5.00000000
-118.30   5.00000000
-118.40   5.00000000
-118.50   5.00000000
-118.60   5.00000000
-118.70   5.00000000
-118.80   5.00000000
-118.90   5.00000000
-119.00   5.00000000
-119.10   5.00000000
-119.20   5.00000000
-119.30   5.00000000
-119.40   5.00000000
-119.50   5.00000000
-119.60   5.00000000
-119.70   5.00000000
-119.80   5.00000000
-119.90   5.00000000
-120.00   5.00000000
-120.10   5.00000000
-120.20   5.00000000
-120.30   5.00000000
-120.40   5.00000000
-120.50   5.00000000
-120.60   5.00000000
-120.70   5.00000000
-120.80   5.00000000
-120.90   5.00000000
-121.00   5.00000000
-121.10   5.00000000
-121.20   5.00000000
-121.30   5.00000000
-121.40   5.00000000
-121.50   5.00000000
-121.60   5.00000000
-121.70   5.00000000
-121.80   5.00000000
-121.90   5.00000000
-122.00   5.00000000
-122.10   5.00000000
-122.20   5.00000000
-122.30   5.00000000
-122.40   5.00000000
-122.50   5.00000000
-122.60   5.00000000
-122.70   5.00000000
-122.80   5.00000000
-122.90   5.00000000
-123.00   5.00000000
-123.10   5.00000000
-123.20   5.00000000
-123.30   5.00000000
-123.40   5.00000000
-123.50   5.00000000
-123.60   5.00000000
-123.70   5.00000000
-123.80   5.00000000
-123.90   5.00000000
-124.00   5.00000000
-124.10   5.00000000
-124.20   5.00000000
-124.30   5.00000000
-124.40   5.00000000
-124.50   5.00000000
-124.60   5.00000000
-124.70   5.00000000
-124.80   5.00000000
-124.90   5.00000000
-125.00   5.00000000
-125.10   5.00000000
-125.20   5.00000000
-125.30   5.00000000
-125.40   5.00000000
-125.50   5.00000000
-125.60   5.00000000
-125.70   5.00000000
-125.80   5.00000000
-125.90   5.00000000
-126.00   5.00000000
-126.10   5.00000000
-126.20   5.00000000
-126.30   5.00000000
-126.40   5.00000000
-126.50   5.00000000
-126.60   5.00000000
-126.70   5.00000000
-126.80   5.00000000
-126.90   5.00000000
-127.00   5.00000000
-127.10   5.00000000
-127.20   5.00000000
-127.30   5.00000000
-127.40   5.00000000
-127.50   5.00000000
-127.60   5.00000000
-127.70   5.00000000
-127.80   5.00000000
-127.90   5.00000000
-128.00   5.00000000
-128.10   5.00000000
-128.20   5.00000000
-128.30   5.00000000
-128.40   5.00000000
-128.50   5.00000000
-128.60   5.00000000
-128.70   5.00000000
-128.80   5.00000000
-128.90   5.00000000
-129.00   5.00000000
-129.10   5.00000000
-129.20   5.00000000
-129.30   5.00000000
-129.40   5.00000000
-129.50   5.00000000
-129.60   5.00000000
-129.70   5.00000000
-129.80   5.00000000
-129.90   5.00000000
-130.00   5.00000000
-130.10   5.00000000
-130.20   5.00000000
-130.30   5.00000000
-130.40   5.00000000
-130.50   5.00000000
-130.60   5.00000000
-130.70   5.00000000
-130.80   5.00000000
-130.90   5.00000000
-131.00   5.00000000
-131.10   5.00000000
-131.20   5.00000000
-131.30   5.00000000
-131.40   5.00000000
-131.50   5.00000000
-131.60   5.00000000
-131.70   5.00000000
-131.80   5.00000000
-131.90   5.00000000
-132.00   5.00000000
-132.10   5.00000000
-132.20   5.00000000
-132.30   5.00000000
-132.40   5.00000000
-132.50   5.00000000
-132.60   5.00000000
-132.70   5.00000000
-132.80   5.00000000
-132.90   5.00000000
-133.00   5.00000000
-133.10   5.00000000
-133.20   5.00000000
-133.30   5.00000000
-133.40   5.00000000
-133.50   5.00000000
-133.60   5.00000000
-133.70   5.00000000
-133.80   5.00000000
-133.90   5.00000000
-134.00   5.00000000
-134.10   5.00000000
-134.20   5.00000000
-134.30   5.00000000
-134.40   5.00000000
-134.50   5.00000000
-134.60   5.00000000
-134.70   5.00000000
-134.80   5.00000000
-134.90   5.00000000
-135.00   5.00000000
-135.10   5.00000000
-135.20   5.00000000
-135.30   5.00000000
-135.40   5.00000000
-135.50   5.00000000
-135.60   5.00000000
-135.70   5.00000000
-135.80   5.00000000
-135.90   5.00000000
-136.00   5.00000000
-136.10   5.00000000
-136.20   5.00000000
-136.30   5.00000000
-136.40   5.00000000
-136.50   5.00000000
-136.60   5.00000000
-136.70   5.00000000
-136.80   5.00000000
-136.90   5.00000000
-137.00   5.00000000
-137.10   5.00000000
-137.20   5.00000000
-137.30   5.00000000
-137.40   5.00000000
-137.50   5.00000000
-137.60   5.00000000
-137.70   5.00000000
-137.80   5.00000000
-137.90   5.00000000
-138.00   5.00000000
-138.10   5.00000000
-138.20   5.00000000
-138.30   5.00000000
-138.40   5.00000000
-138.50   5.00000000
-138.60   5.00000000
-138.70   5.00000000
-138.80   5.00000000
-138.90   5.00000000
-139.00   5.00000000
-139.10   5.00000000
-139.20   5.00000000
-139.30   5.00000000
-139.40   5.00000000
-139.50   5.00000000
-139.60   5.00000000
-139.70   5.00000000
-139.80   5.00000000
-139.90   5.00000000
-140.00   5.00000000
-140.10   5.00000000
-140.20   5.00000000
-140.30   5.00000000
-140.40   5.00000000
-140.50   5.00000000
-140.60   5.00000000
-140.70   5.00000000
-140.80   5.00000000
-140.90   5.00000000
-141.00   5.00000000
-141.10   5.00000000
-141.20   5.00000000
-141.30   5.00000000
-141.40   5.00000000
-141.50   5.00000000
-141.60   5.00000000
-141.70   5.00000000
-141.80   5.00000000
-141.90   5.00000000
-142.00   5.00000000
-142.10   5.00000000
-142.20   5.00000000
-142.30   5.00000000
-142.40   5.00000000
-142.50   5.00000000
-142.60   5.00000000
-142.70   5.00000000
-142.80   5.00000000
-142.90   5.00000000
-143.00   5.00000000
-143.10   5.00000000
-143.20   5.00000000
-143.30   5.00000000
-143.40   5.00000000
-143.50   5.00000000
-143.60   5.00000000
-143.70   5.00000000
-143.80   5.00000000
-143.90   5.00000000
-144.00   5.00000000
-144.10   5.00000000
-144.20   5.00000000
-144.30   5.00000000
-144.40   5.00000000
-144.50   5.00000000
-144.60   5.00000000
-144.70   5.00000000
-144.80   5.00000000
-144.90   5.00000000
-145.00   5.00000000
-145.10   5.00000000
-145.20   5.00000000
-145.30   5.00000000
-145.40   5.00000000
-145.50   5.00000000
-145.60   5.00000000
-145.70   5.00000000
-145.80   5.00000000
-145.90   5.00000000
-146.00   5.00000000
-146.10   5.00000000
-146.20   5.00000000
-146.30   5.00000000
-146.40   5.00000000
-146.50   5.00000000
-146.60   5.00000000
-146.70   5.00000000
-146.80   5.00000000
-146.90   5.00000000
-147.00   5.00000000
-147.10   5.00000000
-147.20   5.00000000
-147.30   5.00000000
-147.40   5.00000000
-147.50   5.00000000
-147.60   5.00000000
-147.70   5.00000000
-147.80   5.00000000
-147.90   5.00000000
-148.00   5.00000000
-148.10   5.00000000
-148.20   5.00000000
-148.30   5.00000000
-148.40   5.00000000
-148.50   5.00000000
-148.60   5.00000000
-148.70   5.00000000
-148.80   5.00000000
-148.90   5.00000000
-149.00   5.00000000
-149.10   5.00000000
-149.20   5.00000000
-149.30   5.00000000
-149.40   5.00000000
-149.50   5.00000000
-149.60   5.00000000
-149.70   5.00000000
-149.80   5.00000000
-149.90   5.00000000
-150.00   5.00000000
-150.10   5.00000000
-150.20   5.00000000
-150.30   5.00000000
-150.40   5.00000000
-150.50   5.00000000
-150.60   5.00000000
-150.70   5.00000000
-150.80   5.00000000
-150.90   5.00000000
-151.00   5.00000000
-151.10   5.00000000
-151.20   5.00000000
-151.30   5.00000000
-151.40   5.00000000
-151.50   5.00000000
-151.60   5.00000000
-151.70   5.00000000
-151.80   5.00000000
-151.90   5.00000000
-152.00   5.00000000
-152.10   5.00000000
-152.20   5.00000000
-152.30   5.00000000
-152.40   5.00000000
-152.50   5.00000000
-152.60   5.00000000
-152.70   5.00000000
-152.80   5.00000000
-152.90   5.00000000
-153.00   5.00000000
-153.10   5.00000000
-153.20   5.00000000
-153.30   5.00000000
-153.40   5.00000000
-153.50   5.00000000
-153.60   5.00000000
-153.70   5.00000000
-153.80   5.00000000
-153.90   5.00000000
-154.00   5.00000000
-154.10   5.00000000
-154.20   5.00000000
-154.30   5.00000000
-154.40   5.00000000
-154.50   5.00000000
-154.60   5.00000000
-154.70   5.00000000
-154.80   5.00000000
-154.90   5.00000000
-155.00   5.00000000
-155.10   5.00000000
-155.20   5.00000000
-155.30   5.00000000
-155.40   5.00000000
-155.50   5.00000000
-155.60   5.00000000
-155.70   5.00000000
-155.80   5.00000000
-155.90   5.00000000
-156.00   5.00000000
-156.10   5.00000000
-156.20   5.00000000
-156.30   5.00000000
-156.40   5.00000000
-156.50   5.00000000
-156.60   5.00000000
-156.70   5.00000000
-156.80   5.00000000
-156.90   5.00000000
-157.00   5.00000000
-157.10   5.00000000
-157.20   5.00000000
-157.30   5.00000000
-157.40   5.00000000
-157.50   5.00000000
-157.60   5.00000000
-157.70   5.00000000
-157.80   5.00000000
-157.90   5.00000000
-158.00   5.00000000
-158.10   5.00000000
-158.20   5.00000000
-158.30   5.00000000
-158.40   5.00000000
-158.50   5.00000000
-158.60   5.00000000
-158.70   5.00000000
-158.80   5.00000000
-158.90   5.00000000
-159.00   5.00000000
-159.10   5.00000000
-159.20   5.00000000
-159.30   5.00000000
-159.40   5.00000000
-159.50   5.00000000
-159.60   5.00000000
-159.70   5.00000000
-159.80   5.00000000
-159.90   5.00000000
-160.00   5.00000000
-160.10   5.00000000
-160.20   5.00000000
-160.30   5.00000000
-160.40   5.00000000
-160.50   5.00000000
-160.60   5.00000000
-160.70   5.00000000
-160.80   5.00000000
-160.90   5.00000000
-161.00   5.00000000
-161.10   5.00000000
-161.20   5.00000000
-161.30   5.00000000
-161.40   5.00000000
-161.50   5.00000000
-161.60   5.00000000
-161.70   5.00000000
-161.80   5.00000000
-161.90   5.00000000
-162.00   5.00000000
-162.10   5.00000000
-162.20   5.00000000
-162.30   5.00000000
-162.40   5.00000000
-162.50   5.00000000
-162.60   5.00000000
-162.70   5.00000000
-162.80   5.00000000
-162.90   5.00000000
-163.00   5.00000000
-163.10   5.00000000
-163.20   5.00000000
-163.30   5.00000000
-163.40   5.00000000
-163.50   5.00000000
-163.60   5.00000000
-163.70   5.00000000
-163.80   5.00000000
-163.90   5.00000000
-164.00   5.00000000
-164.10   5.00000000
-164.20   5.00000000
-164.30   5.00000000
-164.40   5.00000000
-164.50   5.00000000
-164.60   5.00000000
-164.70   5.00000000
-164.80   5.00000000
-164.90   5.00000000
-165.00   5.00000000
-165.10   5.00000000
-165.20   5.00000000
-165.30   5.00000000
-165.40   5.00000000
-165.50   5.00000000
-165.60   5.00000000
-165.70   5.00000000
-165.80   5.00000000
-165.90   5.00000000
-166.00   5.00000000
-166.10   5.00000000
-166.20   5.00000000
-166.30   5.00000000
-166.40   5.00000000
-166.50   5.00000000
-166.60   5.00000000
-166.70   5.00000000
-166.80   5.00000000
-166.90   5.00000000
-167.00   5.00000000
-167.10   5.00000000
-167.20   5.00000000
-167.30   5.00000000
-167.40   5.00000000
-167.50   5.00000000
-167.60   5.00000000
-167.70   5.00000000
-167.80   5.00000000
-167.90   5.00000000
-168.00   5.00000000
-168.10   5.00000000
-168.20   5.00000000
-168.30   5.00000000
-168.40   5.00000000
-168.50   5.00000000
-168.60   5.00000000
-168.70   5.00000000
-168.80   5.00000000
-168.90   5.00000000
-169.00   5.00000000
-169.10   5.00000000
-169.20   5.00000000
-169.30   5.00000000
-169.40   5.00000000
-169.50   5.00000000
-169.60   5.00000000
-169.70   5.00000000
-169.80   5.00000000
-169.90   5.00000000
-170.00   5.00000000
-170.10   5.00000000
-170.20   5.00000000
-170.30   5.00000000
-170.40   5.00000000
-170.50   5.00000000
-170.60   5.00000000
-170.70   5.00000000
-170.80   5.00000000
-170.90   5.00000000
-171.00   5.00000000
-171.10   5.00000000
-171.20   5.00000000
-171.30   5.00000000
-171.40   5.00000000
-171.50   5.00000000
-171.60   5.00000000
-171.70   5.00000000
-171.80   5.00000000
-171.90   5.00000000
-172.00   5.00000000
-172.10   5.00000000
-172.20   5.00000000
-172.30   5.00000000
-172.40   5.00000000
-172.50   5.00000000
-172.60   5.00000000
-172.70   5.00000000
-172.80   5.00000000
-172.90   5.00000000
-173.00   5.00000000
-173.10   5.00000000
-173.20   5.00000000
-173.30   5.00000000
-173.40   5.00000000
-173.50   5.00000000
-173.60   5.00000000
-173.70   5.00000000
-173.80   5.00000000
-173.90   5.00000000
-174.00   5.00000000
-174.10   5.00000000
-174.20   5.00000000
-174.30   5.00000000
-174.40   5.00000000
-174.50   5.00000000
-174.60   5.00000000
-174.70   5.00000000
-174.80   5.00000000
-174.90   5.00000000
-175.00   5.00000000
-175.10   5.00000000
-175.20   5.00000000
-175.30   5.00000000
-175.40   5.00000000
-175.50   5.00000000
-175.60   5.00000000
-175.70   5.00000000
-175.80   5.00000000
-175.90   5.00000000
-176.00   5.00000000
-176.10   5.00000000
-176.20   5.00000000
-176.30   5.00000000
-176.40   5.00000000
-176.50   5.00000000
-176.60   5.00000000
-176.70   5.00000000
-176.80   5.00000000
-176.90   5.00000000
-177.00   5.00000000
-177.10   5.00000000
-177.20   5.00000000
-177.30   5.00000000
-177.40   5.00000000
-177.50   5.00000000
-177.60   5.00000000
-177.70   5.00000000
-177.80   5.00000000
-177.90   5.00000000
-178.00   5.00000000
-178.10   5.00000000
-178.20   5.00000000
-178.30   5.00000000
-178.40   5.00000000
-178.50   5.00000000
-178.60   5.00000000
-178.70   5.00000000
-178.80   5.00000000
-178.90   5.00000000
-179.00   5.00000000
-179.10   5.00000000
-179.20   5.00000000
-179.30   5.00000000
-179.40   5.00000000
-179.50   5.00000000
-179.60   5.00000000
-179.70   5.00000000
-179.80   5.00000000
-179.90   5.00000000
-180.00   5.00000000
-180.10   5.00000000
-180.20   5.00000000
-180.30   5.00000000
-180.40   5.00000000
-180.50   5.00000000
-180.60   5.00000000
-180.70   5.00000000
-180.80   5.00000000
-180.90   5.00000000
-181.00   5.00000000
-181.10   5.00000000
-181.20   5.00000000
-181.30   5.00000000
-181.40   5.00000000
-181.50   5.00000000
-181.60   5.00000000
-181.70   5.00000000
-181.80   5.00000000
-181.90   5.00000000
-182.00   5.00000000
-182.10   5.00000000
-182.20   5.00000000
-182.30   5.00000000
-182.40   5.00000000
-182.50   5.00000000
-182.60   5.00000000
-182.70   5.00000000
-182.80   5.00000000
-182.90   5.00000000
-183.00   5.00000000
-183.10   5.00000000
-183.20   5.00000000
-183.30   5.00000000
-183.40   5.00000000
-183.50   5.00000000
-183.60   5.00000000
-183.70   5.00000000
-183.80   5.00000000
-183.90   5.00000000
-184.00   5.00000000
-184.10   5.00000000
-184.20   5.00000000
-184.30   5.00000000
-184.40   5.00000000
-184.50   5.00000000
-184.60   5.00000000
-184.70   5.00000000
-184.80   5.00000000
-184.90   5.00000000
-185.00   5.00000000
-185.10   5.00000000
-185.20   5.00000000
-185.30   5.00000000
-185.40   5.00000000
-185.50   5.00000000
-185.60   5.00000000
-185.70   5.00000000
-185.80   5.00000000
-185.90   5.00000000
-186.00   5.00000000
-186.10   5.00000000
-186.20   5.00000000
-186.30   5.00000000
-186.40   5.00000000
-186.50   5.00000000
-186.60   5.00000000
-186.70   5.00000000
-186.80   5.00000000
-186.90   5.00000000
-187.00   5.00000000
-187.10   5.00000000
-187.20   5.00000000
-187.30   5.00000000
-187.40   5.00000000
-187.50   5.00000000
-187.60   5.00000000
-187.70   5.00000000
-187.80   5.00000000
-187.90   5.00000000
-188.00   5.00000000
-188.10   5.00000000
-188.20   5.00000000
-188.30   5.00000000
-188.40   5.00000000
-188.50   5.00000000
-188.60   5.00000000
-188.70   5.00000000
-188.80   5.00000000
-188.90   5.00000000
-189.00   5.00000000
-189.10   5.00000000
-189.20   5.00000000
-189.30   5.00000000
-189.40   5.00000000
-189.50   5.00000000
-189.60   5.00000000
-189.70   5.00000000
-189.80   5.00000000
-189.90   5.00000000
-190.00   5.00000000
-190.10   5.00000000
-190.20   5.00000000
-190.30   5.00000000
-190.40   5.00000000
-190.50   5.00000000
-190.60   5.00000000
-190.70   5.00000000
-190.80   5.00000000
-190.90   5.00000000
-191.00   5.00000000
-191.10   5.00000000
-191.20   5.00000000
-191.30   5.00000000
-191.40   5.00000000
-191.50   5.00000000
-191.60   5.00000000
-191.70   5.00000000
-191.80   5.00000000
-191.90   5.00000000
-192.00   5.00000000
-192.10   5.00000000
-192.20   5.00000000
-192.30   5.00000000
-192.40   5.00000000
-192.50   5.00000000
-192.60   5.00000000
-192.70   5.00000000
-192.80   5.00000000
-192.90   5.00000000
-193.00   5.00000000
-193.10   5.00000000
-193.20   5.00000000
-193.30   5.00000000
-193.40   5.00000000
-193.50   5.00000000
-193.60   5.00000000
-193.70   5.00000000
-193.80   5.00000000
-193.90   5.00000000
-194.00   5.00000000
-194.10   5.00000000
-194.20   5.00000000
-194.30   5.00000000
-194.40   5.00000000
-194.50   5.00000000
-194.60   5.00000000
-194.70   5.00000000
-194.80   5.00000000
-194.90   5.00000000
-195.00   5.00000000
-195.10   5.00000000
-195.20   5.00000000
-195.30   5.00000000
-195.40   5.00000000
-195.50   5.00000000
-195.60   5.00000000
-195.70   5.00000000
-195.80   5.00000000
-195.90   5.00000000
-196.00   5.00000000
-196.10   5.00000000
-196.20   5.00000000
-196.30   5.00000000
-196.40   5.00000000
-196.50   5.00000000
-196.60   5.00000000
-196.70   5.00000000
-196.80   5.00000000
-196.90   5.00000000
-197.00   5.00000000
-197.10   5.00000000
-197.20   5.00000000
-197.30   5.00000000
-197.40   5.00000000
-197.50   5.00000000
-197.60   5.00000000
-197.70   5.00000000
-197.80   5.00000000
-197.90   5.00000000
-198.00   5.00000000
-198.10   5.00000000
-198.20   5.00000000
-198.30   5.00000000
-198.40   5.00000000
-198.50   5.00000000
-198.60   5.00000000
-198.70   5.00000000
-198.80   5.00000000
-198.90   5.00000000
-199.00   5.00000000
-199.10   5.00000000
-199.20   5.00000000
-199.30   5.00000000
-199.40   5.00000000
-199.50   5.00000000
-199.60   5.00000000
-199.70   5.00000000
-199.80   5.00000000
-199.90   5.00000000
-200.00   5.00000000
-200.10   5.00000000
-200.20   5.00000000
-200.30   5.00000000
-200.40   5.00000000
-200.50   5.00000000
-200.60   5.00000000
-200.70   5.00000000
-200.80   5.00000000
-200.90   5.00000000
-201.00   5.00000000
-201.10   5.00000000
-201.20   5.00000000
-201.30   5.00000000
-201.40   5.00000000
-201.50   5.00000000
-201.60   5.00000000
-201.70   5.00000000
-201.80   5.00000000
-201.90   5.00000000
-202.00   5.00000000
-202.10   5.00000000
-202.20   5.00000000
-202.30   5.00000000
-202.40   5.00000000
-202.50   5.00000000
-202.60   5.00000000
-202.70   5.00000000
-202.80   5.00000000
-202.90   5.00000000
-203.00   5.00000000
-203.10   5.00000000
-203.20   5.00000000
-203.30   5.00000000
-203.40   5.00000000
-203.50   5.00000000
-203.60   5.00000000
-203.70   5.00000000
-203.80   5.00000000
-203.90   5.00000000
-204.00   5.00000000
-204.10   5.00000000
-204.20   5.00000000
-204.30   5.00000000
-204.40   5.00000000
-204.50   5.00000000
-204.60   5.00000000
-204.70   5.00000000
-204.80   5.00000000
-204.90   5.00000000
-205.00   5.00000000
-205.10   5.00000000
-205.20   5.00000000
-205.30   5.00000000
-205.40   5.00000000
-205.50   5.00000000
-205.60   5.00000000
-205.70   5.00000000
-205.80   5.00000000
-205.90   5.00000000
-206.00   5.00000000
-206.10   5.00000000
-206.20   5.00000000
-206.30   5.00000000
-206.40   5.00000000
-206.50   5.00000000
-206.60   5.00000000
-206.70   5.00000000
-206.80   5.00000000
-206.90   5.00000000
-207.00   5.00000000
-207.10   5.00000000
-207.20   5.00000000
-207.30   5.00000000
-207.40   5.00000000
-207.50   5.00000000
-207.60   5.00000000
-207.70   5.00000000
-207.80   5.00000000
-207.90   5.00000000
-208.00   5.00000000
-208.10   5.00000000
-208.20   5.00000000
-208.30   5.00000000
-208.40   5.00000000
-208.50   5.00000000
-208.60   5.00000000
-208.70   5.00000000
-208.80   5.00000000
-208.90   5.00000000
-209.00   5.00000000
-209.10   5.00000000
-209.20   5.00000000
-209.30   5.00000000
-209.40   5.00000000
-209.50   5.00000000
-209.60   5.00000000
-209.70   5.00000000
-209.80   5.00000000
-209.90   5.00000000
-210.00   5.00000000
-210.10   5.00000000
-210.20   5.00000000
-210.30   5.00000000
-210.40   5.00000000
-210.50   5.00000000
-210.60   5.00000000
-210.70   5.00000000
-210.80   5.00000000
-210.90   5.00000000
-211.00   5.00000000
-211.10   5.00000000
-211.20   5.00000000
-211.30   5.00000000
-211.40   5.00000000
-211.50   5.00000000
-211.60   5.00000000
-211.70   5.00000000
-211.80   5.00000000
-211.90   5.00000000
-212.00   5.00000000
-212.10   5.00000000
-212.20   5.00000000
-212.30   5.00000000
-212.40   5.00000000
-212.50   5.00000000
-212.60   5.00000000
-212.70   5.00000000
-212.80   5.00000000
-212.90   5.00000000
-213.00   5.00000000
-213.10   5.00000000
-213.20   5.00000000
-213.30   5.00000000
-213.40   5.00000000
-213.50   5.00000000
-213.60   5.00000000
-213.70   5.00000000
-213.80   5.00000000
-213.90   5.00000000
-214.00   5.00000000
-214.10   5.00000000
-214.20   5.00000000
-214.30   5.00000000
-214.40   5.00000000
-214.50   5.00000000
-214.60   5.00000000
-214.70   5.00000000
-214.80   5.00000000
-214.90   5.00000000
-215.00   5.00000000
-215.10   5.00000000
-215.20   5.00000000
-215.30   5.00000000
-215.40   5.00000000
-215.50   5.00000000
-215.60   5.00000000
-215.70   5.00000000
-215.80   5.00000000
-215.90   5.00000000
-216.00   5.00000000
-216.10   5.00000000
-216.20   5.00000000
-216.30   5.00000000
-216.40   5.00000000
-216.50   5.00000000
-216.60   5.00000000
-216.70   5.00000000
-216.80   5.00000000
-216.90   5.00000000
-217.00   5.00000000
-217.10   5.00000000
-217.20   5.00000000
-217.30   5.00000000
-217.40   5.00000000
-217.50   5.00000000
-217.60   5.00000000
-217.70   5.00000000
-217.80   5.00000000
-217.90   5.00000000
-218.00   5.00000000
-218.10   5.00000000
-218.20   5.00000000
-218.30   5.00000000
-218.40   5.00000000
-218.50   5.00000000
-218.60   5.00000000
-218.70   5.00000000
-218.80   5.00000000
-218.90   5.00000000
-219.00   5.00000000
-219.10   5.00000000
-219.20   5.00000000
-219.30   5.00000000
-219.40   5.00000000
-219.50   5.00000000
-219.60   5.00000000
-219.70   5.00000000
-219.80   5.00000000
-219.90   5.00000000
-220.00   5.00000000
-220.10   5.00000000
-220.20   5.00000000
-220.30   5.00000000
-220.40   5.00000000
-220.50   5.00000000
-220.60   5.00000000
-220.70   5.00000000
-220.80   5.00000000
-220.90   5.00000000
-221.00   5.00000000
-221.10   5.00000000
-221.20   5.00000000
-221.30   5.00000000
-221.40   5.00000000
-221.50   5.00000000
-221.60   5.00000000
-221.70   5.00000000
-221.80   5.00000000
-221.90   5.00000000
-222.00   5.00000000
-222.10   5.00000000
-222.20   5.00000000
-222.30   5.00000000
-222.40   5.00000000
-222.50   5.00000000
-222.60   5.00000000
-222.70   5.00000000
-222.80   5.00000000
-222.90   5.00000000
-223.00   5.00000000
-223.10   5.00000000
-223.20   5.00000000
-223.30   5.00000000
-223.40   5.00000000
-223.50   5.00000000
-223.60   5.00000000
-223.70   5.00000000
-223.80   5.00000000
-223.90   5.00000000
-224.00   5.00000000
-224.10   5.00000000
-224.20   5.00000000
-224.30   5.00000000
-224.40   5.00000000
-224.50   5.00000000
-224.60   5.00000000
-224.70   5.00000000
-224.80   5.00000000
-224.90   5.00000000
-225.00   5.00000000
-225.10   5.00000000
-225.20   5.00000000
-225.30   5.00000000
-225.40   5.00000000
-225.50   5.00000000
-225.60   5.00000000
-225.70   5.00000000
-225.80   5.00000000
-225.90   5.00000000
-226.00   5.00000000
-226.10   5.00000000
-226.20   5.00000000
-226.30   5.00000000
-226.40   5.00000000
-226.50   5.00000000
-226.60   5.00000000
-226.70   5.00000000
-226.80   5.00000000
-226.90   5.00000000
-227.00   5.00000000
-227.10   5.00000000
-227.20   5.00000000
-227.30   5.00000000
-227.40   5.00000000
-227.50   5.00000000
-227.60   5.00000000
-227.70   5.00000000
-227.80   5.00000000
-227.90   5.00000000
-228.00   5.00000000
-228.10   5.00000000
-228.20   5.00000000
-228.30   5.00000000
-228.40   5.00000000
-228.50   5.00000000
-228.60   5.00000000
-228.70   5.00000000
-228.80   5.00000000
-228.90   5.00000000
-229.00   5.00000000
-229.10   5.00000000
-229.20   5.00000000
-229.30   5.00000000
-229.40   5.00000000
-229.50   5.00000000
-229.60   5.00000000
-229.70   5.00000000
-229.80   5.00000000
-229.90   5.00000000
-230.00   5.00000000
-230.10   5.00000000
-230.20   5.00000000
-230.30   5.00000000
-230.40   5.00000000
-230.50   5.00000000
-230.60   5.00000000
-230.70   5.00000000
-230.80   5.00000000
-230.90   5.00000000
-231.00   5.00000000
-231.10   5.00000000
-231.20   5.00000000
-231.30   5.00000000
-231.40   5.00000000
-231.50   5.00000000
-231.60   5.00000000
-231.70   5.00000000
-231.80   5.00000000
-231.90   5.00000000
-232.00   5.00000000
-232.10   5.00000000
-232.20   5.00000000
-232.30   5.00000000
-232.40   5.00000000
-232.50   5.00000000
-232.60   5.00000000
-232.70   5.00000000
-232.80   5.00000000
-232.90   5.00000000
-233.00   5.00000000
-233.10   5.00000000
-233.20   5.00000000
-233.30   5.00000000
-233.40   5.00000000
-233.50   5.00000000
-233.60   5.00000000
-233.70   5.00000000
-233.80   5.00000000
-233.90   5.00000000
-234.00   5.00000000
-234.10   5.00000000
-234.20   5.00000000
-234.30   5.00000000
-234.40   5.00000000
-234.50   5.00000000
-234.60   5.00000000
-234.70   5.00000000
-234.80   5.00000000
-234.90   5.00000000
-235.00   5.00000000
-235.10   5.00000000
-235.20   5.00000000
-235.30   5.00000000
-235.40   5.00000000
-235.50   5.00000000
-235.60   5.00000000
-235.70   5.00000000
-235.80   5.00000000
-235.90   5.00000000
-236.00   5.00000000
-236.10   5.00000000
-236.20   5.00000000
-236.30   5.00000000
-236.40   5.00000000
-236.50   5.00000000
-236.60   5.00000000
-236.70   5.00000000
-236.80   5.00000000
-236.90   5.00000000
-237.00   5.00000000
-237.10   5.00000000
-237.20   5.00000000
-237.30   5.00000000
-237.40   5.00000000
-237.50   5.00000000
-237.60   5.00000000
-237.70   5.00000000
-237.80   5.00000000
-237.90   5.00000000
-238.00   5.00000000
-238.10   5.00000000
-238.20   5.00000000
-238.30   5.00000000
-238.40   5.00000000
-238.50   5.00000000
-238.60   5.00000000
-238.70   5.00000000
-238.80   5.00000000
-238.90   5.00000000
-239.00   5.00000000
-239.10   5.00000000
-239.20   5.00000000
-239.30   5.00000000
-239.40   5.00000000
-239.50   5.00000000
-239.60   5.00000000
-239.70   5.00000000
-239.80   5.00000000
-239.90   5.00000000
-240.00   5.00000000
-240.10   5.00000000
-240.20   5.00000000
-240.30   5.00000000
-240.40   5.00000000
-240.50   5.00000000
-240.60   5.00000000
-240.70   5.00000000
-240.80   5.00000000
-240.90   5.00000000
-241.00   5.00000000
-241.10   5.00000000
-241.20   5.00000000
-241.30   5.00000000
-241.40   5.00000000
-241.50   5.00000000
-241.60   5.00000000
-241.70   5.00000000
-241.80   5.00000000
-241.90   5.00000000
-242.00   5.00000000
-242.10   5.00000000
-242.20   5.00000000
-242.30   5.00000000
-242.40   5.00000000
-242.50   5.00000000
-242.60   5.00000000
-242.70   5.00000000
-242.80   5.00000000
-242.90   5.00000000
-243.00   5.00000000
-243.10   5.00000000
-243.20   5.00000000
-243.30   5.00000000
-243.40   5.00000000
-243.50   5.00000000
-243.60   5.00000000
-243.70   5.00000000
-243.80   5.00000000
-243.90   5.00000000
-244.00   5.00000000
-244.10   5.00000000
-244.20   5.00000000
-244.30   5.00000000
-244.40   5.00000000
-244.50   5.00000000
-244.60   5.00000000
-244.70   5.00000000
-244.80   5.00000000
-244.90   5.00000000
-245.00   5.00000000
-245.10   5.00000000
-245.20   5.00000000
-245.30   5.00000000
-245.40   5.00000000
-245.50   5.00000000
-245.60   5.00000000
-245.70   5.00000000
-245.80   5.00000000
-245.90   5.00000000
-246.00   5.00000000
-246.10   5.00000000
-246.20   5.00000000
-246.30   5.00000000
-246.40   5.00000000
-246.50   5.00000000
-246.60   5.00000000
-246.70   5.00000000
-246.80   5.00000000
-246.90   5.00000000
-247.00   5.00000000
-247.10   5.00000000
-247.20   5.00000000
-247.30   5.00000000
-247.40   5.00000000
-247.50   5.00000000
-247.60   5.00000000
-247.70   5.00000000
-247.80   5.00000000
-247.90   5.00000000
-248.00   5.00000000
-248.10   5.00000000
-248.20   5.00000000
-248.30   5.00000000
-248.40   5.00000000
-248.50   5.00000000
-248.60   5.00000000
-248.70   5.00000000
-248.80   5.00000000
-248.90   5.00000000
-249.00   5.00000000
-249.10   5.00000000
-249.20   5.00000000
-249.30   5.00000000
-249.40   5.00000000
-249.50   5.00000000
-249.60   5.00000000
-249.70   5.00000000
-249.80   5.00000000
-249.90   5.00000000
-250.00   5.00000000
-250.10   5.00000000
-250.20   5.00000000
-250.30   5.00000000
-250.40   5.00000000
-250.50   5.00000000
-250.60   5.00000000
-250.70   5.00000000
-250.80   5.00000000
-250.90   5.00000000
-251.00   5.00000000
-251.10   5.00000000
-251.20   5.00000000
-251.30   5.00000000
-251.40   5.00000000
-251.50   5.00000000
-251.60   5.00000000
-251.70   5.00000000
-251.80   5.00000000
-251.90   5.00000000
-252.00   5.00000000
-252.10   5.00000000
-252.20   5.00000000
-252.30   5.00000000
-252.40   5.00000000
-252.50   5.00000000
-252.60   5.00000000
-252.70   5.00000000
-252.80   5.00000000
-252.90   5.00000000
-253.00   5.00000000
-253.10   5.00000000
-253.20   5.00000000
-253.30   5.00000000
-253.40   5.00000000
-253.50   5.00000000
-253.60   5.00000000
-253.70   5.00000000
-253.80   5.00000000
-253.90   5.00000000
-254.00   5.00000000
-254.10   5.00000000
-254.20   5.00000000
-254.30   5.00000000
-254.40   5.00000000
-254.50   5.00000000
-254.60   5.00000000
-254.70   5.00000000
-254.80   5.00000000
-254.90   5.00000000
-255.00   5.00000000
-255.10   5.00000000
-255.20   5.00000000
-255.30   5.00000000
-255.40   5.00000000
-255.50   5.00000000
-255.60   5.00000000
-255.70   5.00000000
-255.80   5.00000000
-255.90   5.00000000
-256.00   5.00000000
-256.10   5.00000000
-256.20   5.00000000
-256.30   5.00000000
-256.40   5.00000000
-256.50   5.00000000
-256.60   5.00000000
-256.70   5.00000000
-256.80   5.00000000
-256.90   5.00000000
-257.00   5.00000000
-257.10   5.00000000
-257.20   5.00000000
-257.30   5.00000000
-257.40   5.00000000
-257.50   5.00000000
-257.60   5.00000000
-257.70   5.00000000
-257.80   5.00000000
-257.90   5.00000000
-258.00   5.00000000
-258.10   5.00000000
-258.20   5.00000000
-258.30   5.00000000
-258.40   5.00000000
-258.50   5.00000000
-258.60   5.00000000
-258.70   5.00000000
-258.80   5.00000000
-258.90   5.00000000
-259.00   5.00000000
-259.10   5.00000000
-259.20   5.00000000
-259.30   5.00000000
-259.40   5.00000000
-259.50   5.00000000
-259.60   5.00000000
-259.70   5.00000000
-259.80   5.00000000
-259.90   5.00000000
-260.00   5.00000000
-260.10   5.00000000
-260.20   5.00000000
-260.30   5.00000000
-260.40   5.00000000
-260.50   5.00000000
-260.60   5.00000000
-260.70   5.00000000
-260.80   5.00000000
-260.90   5.00000000
-261.00   5.00000000
-261.10   5.00000000
-261.20   5.00000000
-261.30   5.00000000
-261.40   5.00000000
-261.50   5.00000000
-261.60   5.00000000
-261.70   5.00000000
-261.80   5.00000000
-261.90   5.00000000
-262.00   5.00000000
-262.10   5.00000000
-262.20   5.00000000
-262.30   5.00000000
-262.40   5.00000000
-262.50   5.00000000
-262.60   5.00000000
-262.70   5.00000000
-262.80   5.00000000
-262.90   5.00000000
-263.00   5.00000000
-263.10   5.00000000
-263.20   5.00000000
-263.30   5.00000000
-263.40   5.00000000
-263.50   5.00000000
-263.60   5.00000000
-263.70   5.00000000
-263.80   5.00000000
-263.90   5.00000000
-264.00   5.00000000
-264.10   5.00000000
-264.20   5.00000000
-264.30   5.00000000
-264.40   5.00000000
-264.50   5.00000000
-264.60   5.00000000
-264.70   5.00000000
-264.80   5.00000000
-264.90   5.00000000
-265.00   5.00000000
-265.10   5.00000000
-265.20   5.00000000
-265.30   5.00000000
-265.40   5.00000000
-265.50   5.00000000
-265.60   5.00000000
-265.70   5.00000000
-265.80   5.00000000
-265.90   5.00000000
-266.00   5.00000000
-266.10   5.00000000
-266.20   5.00000000
-266.30   5.00000000
-266.40   5.00000000
-266.50   5.00000000
-266.60   5.00000000
-266.70   5.00000000
-266.80   5.00000000
-266.90   5.00000000
-267.00   5.00000000
-267.10   5.00000000
-267.20   5.00000000
-267.30   5.00000000
-267.40   5.00000000
-267.50   5.00000000
-267.60   5.00000000
-267.70   5.00000000
-267.80   5.00000000
-267.90   5.00000000
-268.00   5.00000000
-268.10   5.00000000
-268.20   5.00000000
-268.30   5.00000000
-268.40   5.00000000
-268.50   5.00000000
-268.60   5.00000000
-268.70   5.00000000
-268.80   5.00000000
-268.90   5.00000000
-269.00   5.00000000
-269.10   5.00000000
-269.20   5.00000000
-269.30   5.00000000
-269.40   5.00000000
-269.50   5.00000000
-269.60   5.00000000
-269.70   5.00000000
-269.80   5.00000000
-269.90   5.00000000
-270.00   5.00000000
-270.10   5.00000000
-270.20   5.00000000
-270.30   5.00000000
-270.40   5.00000000
-270.50   5.00000000
-270.60   5.00000000
-270.70   5.00000000
-270.80   5.00000000
-270.90   5.00000000
-271.00   5.00000000
-271.10   5.00000000
-271.20   5.00000000
-271.30   5.00000000
-271.40   5.00000000
-271.50   5.00000000
-271.60   5.00000000
-271.70   5.00000000
-271.80   5.00000000
-271.90   5.00000000
-272.00   5.00000000
-272.10   5.00000000
-272.20   5.00000000
-272.30   5.00000000
-272.40   5.00000000
-272.50   5.00000000
-272.60   5.00000000
-272.70   5.00000000
-272.80   5.00000000
-272.90   5.00000000
-273.00   5.00000000
-273.10   5.00000000
-273.20   5.00000000
-273.30   5.00000000
-273.40   5.00000000
-273.50   5.00000000
-273.60   5.00000000
-273.70   5.00000000
-273.80   5.00000000
-273.90   5.00000000
-274.00   5.00000000
-274.10   5.00000000
-274.20   5.00000000
-274.30   5.00000000
-274.40   5.00000000
-274.50   5.00000000
-274.60   5.00000000
-274.70   5.00000000
-274.80   5.00000000
-274.90   5.00000000
-275.00   5.00000000
-275.10   5.00000000
-275.20   5.00000000
-275.30   5.00000000
-275.40   5.00000000
-275.50   5.00000000
-275.60   5.00000000
-275.70   5.00000000
-275.80   5.00000000
-275.90   5.00000000
-276.00   5.00000000
-276.10   5.00000000
-276.20   5.00000000
-276.30   5.00000000
-276.40   5.00000000
-276.50   5.00000000
-276.60   5.00000000
-276.70   5.00000000
-276.80   5.00000000
-276.90   5.00000000
-277.00   5.00000000
-277.10   5.00000000
-277.20   5.00000000
-277.30   5.00000000
-277.40   5.00000000
-277.50   5.00000000
-277.60   5.00000000
-277.70   5.00000000
-277.80   5.00000000
-277.90   5.00000000
-278.00   5.00000000
-278.10   5.00000000
-278.20   5.00000000
-278.30   5.00000000
-278.40   5.00000000
-278.50   5.00000000
-278.60   5.00000000
-278.70   5.00000000
-278.80   5.00000000
-278.90   5.00000000
-279.00   5.00000000
-279.10   5.00000000
-279.20   5.00000000
-279.30   5.00000000
-279.40   5.00000000
-279.50   5.00000000
-279.60   5.00000000
-279.70   5.00000000
-279.80   5.00000000
-279.90   5.00000000
-280.00   5.00000000
-280.10   5.00000000
-280.20   5.00000000
-280.30   5.00000000
-280.40   5.00000000
-280.50   5.00000000
-280.60   5.00000000
-280.70   5.00000000
-280.80   5.00000000
-280.90   5.00000000
-281.00   5.00000000
-281.10   5.00000000
-281.20   5.00000000
-281.30   5.00000000
-281.40   5.00000000
-281.50   5.00000000
-281.60   5.00000000
-281.70   5.00000000
-281.80   5.00000000
-281.90   5.00000000
-282.00   5.00000000
-282.10   5.00000000
-282.20   5.00000000
-282.30   5.00000000
-282.40   5.00000000
-282.50   5.00000000
-282.60   5.00000000
-282.70   5.00000000
-282.80   5.00000000
-282.90   5.00000000
-283.00   5.00000000
-283.10   5.00000000
-283.20   5.00000000
-283.30   5.00000000
-283.40   5.00000000
-283.50   5.00000000
-283.60   5.00000000
-283.70   5.00000000
-283.80   5.00000000
-283.90   5.00000000
-284.00   5.00000000
-284.10   5.00000000
-284.20   5.00000000
-284.30   5.00000000
-284.40   5.00000000
-284.50   5.00000000
-284.60   5.00000000
-284.70   5.00000000
-284.80   5.00000000
-284.90   5.00000000
-285.00   5.00000000
-285.10   5.00000000
-285.20   5.00000000
-285.30   5.00000000
-285.40   5.00000000
-285.50   5.00000000
-285.60   5.00000000
-285.70   5.00000000
-285.80   5.00000000
-285.90   5.00000000
-286.00   5.00000000
-286.10   5.00000000
-286.20   5.00000000
-286.30   5.00000000
-286.40   5.00000000
-286.50   5.00000000
-286.60   5.00000000
-286.70   5.00000000
-286.80   5.00000000
-286.90   5.00000000
-287.00   5.00000000
-287.10   5.00000000
-287.20   5.00000000
-287.30   5.00000000
-287.40   5.00000000
-287.50   5.00000000
-287.60   5.00000000
-287.70   5.00000000
-287.80   5.00000000
-287.90   5.00000000
-288.00   5.00000000
-288.10   5.00000000
-288.20   5.00000000
-288.30   5.00000000
-288.40   5.00000000
-288.50   5.00000000
-288.60   5.00000000
-288.70   5.00000000
-288.80   5.00000000
-288.90   5.00000000
-289.00   5.00000000
-289.10   5.00000000
-289.20   5.00000000
-289.30   5.00000000
-289.40   5.00000000
-289.50   5.00000000
-289.60   5.00000000
-289.70   5.00000000
-289.80   5.00000000
-289.90   5.00000000
-290.00   5.00000000
-290.10   5.00000000
-290.20   5.00000000
-290.30   5.00000000
-290.40   5.00000000
-290.50   5.00000000
-290.60   5.00000000
-290.70   5.00000000
-290.80   5.00000000
-290.90   5.00000000
-291.00   5.00000000
-291.10   5.00000000
-291.20   5.00000000
-291.30   5.00000000
-291.40   5.00000000
-291.50   5.00000000
-291.60   5.00000000
-291.70   5.00000000
-291.80   5.00000000
-291.90   5.00000000
-292.00   5.00000000
-292.10   5.00000000
-292.20   5.00000000
-292.30   5.00000000
-292.40   5.00000000
-292.50   5.00000000
-292.60   5.00000000
-292.70   5.00000000
-292.80   5.00000000
-292.90   5.00000000
-293.00   5.00000000
-293.10   5.00000000
-293.20   5.00000000
-293.30   5.00000000
-293.40   5.00000000
-293.50   5.00000000
-293.60   5.00000000
-293.70   5.00000000
-293.80   5.00000000
-293.90   5.00000000
-294.00   5.00000000
-294.10   5.00000000
-294.20   5.00000000
-294.30   5.00000000
-294.40   5.00000000
-294.50   5.00000000
-294.60   5.00000000
-294.70   5.00000000
-294.80   5.00000000
-294.90   5.00000000
-295.00   5.00000000
-295.10   5.00000000
-295.20   5.00000000
-295.30   5.00000000
-295.40   5.00000000
-295.50   5.00000000
-295.60   5.00000000
-295.70   5.00000000
-295.80   5.00000000
-295.90   5.00000000
-296.00   5.00000000
-296.10   5.00000000
-296.20   5.00000000
-296.30   5.00000000
-296.40   5.00000000
-296.50   5.00000000
-296.60   5.00000000
-296.70   5.00000000
-296.80   5.00000000
-296.90   5.00000000
-297.00   5.00000000
-297.10   5.00000000
-297.20   5.00000000
-297.30   5.00000000
-297.40   5.00000000
-297.50   5.00000000
-297.60   5.00000000
-297.70   5.00000000
-297.80   5.00000000
-297.90   5.00000000
-298.00   5.00000000
-298.10   5.00000000
-298.20   5.00000000
-298.30   5.00000000
-298.40   5.00000000
-298.50   5.00000000
-298.60   5.00000000
-298.70   5.00000000
-298.80   5.00000000
-298.90   5.00000000
-299.00   5.00000000
-299.10   5.00000000
-299.20   5.00000000
-299.30   5.00000000
-299.40   5.00000000
-299.50   5.00000000
-299.60   5.00000000
-299.70   5.00000000
-299.80   5.00000000
-299.90   5.00000000
-300.00   5.00000000
-300.10   5.00000000
-300.20   5.00000000
-300.30   5.00000000
-300.40   5.00000000
-300.50   5.00000000
-300.60   5.00000000
-300.70   5.00000000
-300.80   5.00000000
-300.90   5.00000000
-301.00   5.00000000
-301.10   5.00000000
-301.20   5.00000000
-301.30   5.00000000
-301.40   5.00000000
-301.50   5.00000000
-301.60   5.00000000
-301.70   5.00000000
-301.80   5.00000000
-301.90   5.00000000
-302.00   5.00000000
-302.10   5.00000000
-302.20   5.00000000
-302.30   5.00000000
-302.40   5.00000000
-302.50   5.00000000
-302.60   5.00000000
-302.70   5.00000000
-302.80   5.00000000
-302.90   5.00000000
-303.00   5.00000000
-303.10   5.00000000
-303.20   5.00000000
-303.30   5.00000000
-303.40   5.00000000
-303.50   5.00000000
-303.60   5.00000000
-303.70   5.00000000
-303.80   5.00000000
-303.90   5.00000000
-304.00   5.00000000
-304.10   5.00000000
-304.20   5.00000000
-304.30   5.00000000
-304.40   5.00000000
-304.50   5.00000000
-304.60   5.00000000
-304.70   5.00000000
-304.80   5.00000000
-304.90   5.00000000
-305.00   5.00000000
-305.10   5.00000000
-305.20   5.00000000
-305.30   5.00000000
-305.40   5.00000000
-305.50   5.00000000
-305.60   5.00000000
-305.70   5.00000000
-305.80   5.00000000
-305.90   5.00000000
-306.00   5.00000000
-306.10   5.00000000
-306.20   5.00000000
-306.30   5.00000000
-306.40   5.00000000
-306.50   5.00000000
-306.60   5.00000000
-306.70   5.00000000
-306.80   5.00000000
-306.90   5.00000000
-307.00   5.00000000
-307.10   5.00000000
-307.20   5.00000000
-307.30   5.00000000
-307.40   5.00000000
-307.50   5.00000000
-307.60   5.00000000
-307.70   5.00000000
-307.80   5.00000000
-307.90   5.00000000
-308.00   5.00000000
-308.10   5.00000000
-308.20   5.00000000
-308.30   5.00000000
-308.40   5.00000000
-308.50   5.00000000
-308.60   5.00000000
-308.70   5.00000000
-308.80   5.00000000
-308.90   5.00000000
-309.00   5.00000000
-309.10   5.00000000
-309.20   5.00000000
-309.30   5.00000000
-309.40   5.00000000
-309.50   5.00000000
-309.60   5.00000000
-309.70   5.00000000
-309.80   5.00000000
-309.90   5.00000000
-310.00   5.00000000
-310.10   5.00000000
-310.20   5.00000000
-310.30   5.00000000
-310.40   5.00000000
-310.50   5.00000000
-310.60   5.00000000
-310.70   5.00000000
-310.80   5.00000000
-310.90   5.00000000
-311.00   5.00000000
-311.10   5.00000000
-311.20   5.00000000
-311.30   5.00000000
-311.40   5.00000000
-311.50   5.00000000
-311.60   5.00000000
-311.70   5.00000000
-311.80   5.00000000
-311.90   5.00000000
-312.00   5.00000000
-312.10   5.00000000
-312.20   5.00000000
-312.30   5.00000000
-312.40   5.00000000
-312.50   5.00000000
-312.60   5.00000000
-312.70   5.00000000
-312.80   5.00000000
-312.90   5.00000000
-313.00   5.00000000
-313.10   5.00000000
-313.20   5.00000000
-313.30   5.00000000
-313.40   5.00000000
-313.50   5.00000000
-313.60   5.00000000
-313.70   5.00000000
-313.80   5.00000000
-313.90   5.00000000
-314.00   5.00000000
-314.10   5.00000000
-314.20   5.00000000
-314.30   5.00000000
-314.40   5.00000000
-314.50   5.00000000
-314.60   5.00000000
-314.70   5.00000000
-314.80   5.00000000
-314.90   5.00000000
-315.00   5.00000000
-315.10   5.00000000
-315.20   5.00000000
-315.30   5.00000000
-315.40   5.00000000
-315.50   5.00000000
-315.60   5.00000000
-315.70   5.00000000
-315.80   5.00000000
-315.90   5.00000000
-316.00   5.00000000
-316.10   5.00000000
-316.20   5.00000000
-316.30   5.00000000
-316.40   5.00000000
-316.50   5.00000000
-316.60   5.00000000
-316.70   5.00000000
-316.80   5.00000000
-316.90   5.00000000
-317.00   5.00000000
-317.10   5.00000000
-317.20   5.00000000
-317.30   5.00000000
-317.40   5.00000000
-317.50   5.00000000
-317.60   5.00000000
-317.70   5.00000000
-317.80   5.00000000
-317.90   5.00000000
-318.00   5.00000000
-318.10   5.00000000
-318.20   5.00000000
-318.30   5.00000000
-318.40   5.00000000
-318.50   5.00000000
-318.60   5.00000000
-318.70   5.00000000
-318.80   5.00000000
-318.90   5.00000000
-319.00   5.00000000
-319.10   5.00000000
-319.20   5.00000000
-319.30   5.00000000
-319.40   5.00000000
-319.50   5.00000000
-319.60   5.00000000
-319.70   5.00000000
-319.80   5.00000000
-319.90   5.00000000
-320.00   5.00000000
